1.002559189771939030e+00
1.003083406831471125e+00
1.003713737120039751e+00
1.004471072603981163e+00
1.005380140009001888e+00
1.006470071957584755e+00
1.007774987909754616e+00
1.009334540674055258e+00
1.011194350854070168e+00
1.013406189528753831e+00
1.016027703839471608e+00
1.019121337419462314e+00
1.022751923641443295e+00
1.026982128752476964e+00
1.031864482657048887e+00
1.037428069829414268e+00
1.043656968343346536e+00
1.050456048291009248e+00
1.057597686851017516e+00
1.064640126202796022e+00
1.070804738936395495e+00
1.074796152293551632e+00
1.074548465112819207e+00
1.066889294799424182e+00
1.047146105723550269e+00
1.008807193883088926e+00
9.435465722913141118e-01
8.422933581071579967e-01
6.985562330661412300e-01
5.154704821217098720e-01
5.469462631559078858e-01
5.660746496831967622e-01
4.693559948319515063e-01
4.226488193333308163e-01
3.850634015732939952e-01
3.540101238180897725e-01
2.996660024182337678e-01
2.643419320374136849e-01
2.406851662147879434e-01
1.975318855867797818e-01
1.799715505987920516e-01
1.497158214689238431e-01
1.360482127137151998e-01
1.128879919238922058e-01
9.730096913360257449e-02
8.502904093985531875e-02
7.322813525155863479e-02
6.170643897148699042e-02
5.335284474566955037e-02
4.549148149143264486e-02
