1.013261611482372260e+00
1.015462945555531959e+00
1.017868973946237210e+00
1.020405422315675770e+00
1.022928237628845993e+00
1.025183999678819236e+00
1.026751093606411480e+00
1.026953700810211201e+00
1.024738871556584385e+00
1.018506864641476994e+00
1.005890249183152729e+00
9.834963340887177274e-01
9.466770432156946802e-01
8.895001773421766789e-01
8.053060156843760975e-01
6.885574489299417511e-01
5.389735910155609711e-01
4.243408981937061286e-01
4.602744473959099469e-01
4.229215755800057597e-01
3.107990377175540164e-01
3.251342067695860427e-01
2.611547060421551825e-01
2.254163991846657444e-01
2.012885188086835087e-01
1.679111040312948888e-01
1.570362925393138931e-01
1.313962444920526995e-01
1.146624108114487617e-01
9.524751288220226209e-02
8.219451283835454980e-02
6.925952271346863531e-02
6.034825877882821904e-02
5.142168525396201978e-02
4.348750819159187542e-02
3.616605728323835783e-02
3.088518705952828999e-02
2.594800288818079753e-02
2.170846683035156793e-02
1.839835708403433218e-02
1.542301144991072882e-02
1.292523415935884455e-02
1.083137831361805081e-02
9.031508725143964564e-03
7.551988945079797337e-03
6.310042571310472102e-03
5.274369093914385055e-03
4.397857345450553387e-03
3.669716066646439186e-03
3.055325914098795583e-03
