9.998942545004469995e-01
9.998430904010797704e-01
9.997677838496220604e-01
9.996577348858082246e-01
9.994964140637980776e-01
9.992609767932608689e-01
9.989161607200865989e-01
9.984131318477926786e-01
9.976793112499654503e-01
9.966089217380633691e-01
9.950497576270621591e-01
9.927791933350414988e-01
9.894775397143925622e-01
9.846837164857660252e-01
9.777361777259165887e-01
9.676955740032783249e-01
9.532417397538999193e-01
9.325534932031639412e-01
9.031861341006218735e-01
8.620040421339910663e-01
8.052813576914609195e-01
7.292141154175193485e-01
6.312266349733696158e-01
5.125566977090277865e-01
3.822108001804135902e-01
3.364422266339017753e-01
2.912799255385975505e-01
2.283816447811107542e-01
2.001680119369308730e-01
1.649978167513604377e-01
1.370624174287383423e-01
1.138303729173769235e-01
9.448079019903400655e-02
7.910569281782663109e-02
6.567995881959531879e-02
5.431612292710970985e-02
4.530084030099882503e-02
3.757564818111788774e-02
3.108293569434671458e-02
2.579279057852957441e-02
2.144302543201009534e-02
1.774910259349951266e-02
1.480944979279231327e-02
1.228687743984677692e-02
1.017201809113333667e-02
8.444482689209970028e-03
7.009347660455366585e-03
5.813600238968277822e-03
4.820873843726999550e-03
3.995680540562587466e-03
