9.072976788427001837e-01
8.880483579605610300e-01
8.648202546728960272e-01
8.368197017496791235e-01
8.584687477140720002e-01
8.984639934192654165e-01
9.466335132823465726e-01
1.004352141640173057e+00
1.072923108016748728e+00
1.153241820553456920e+00
1.245138419847199529e+00
1.346176727612156343e+00
1.449611938392519228e+00
1.541250749272798037e+00
1.595440604191963097e+00
1.572071380236821581e+00
1.420409213173622565e+00
1.101651707863073426e+00
1.004567564414955205e+00
1.357063492572040175e+00
1.371657775657732614e+00
8.568470967770229763e-01
1.305889601181080995e+00
8.363320055226897143e-01
1.150974994622346870e+00
1.137052665156128572e+00
1.072011071595510234e+00
9.799155765935391171e-01
7.972431398782505729e-01
7.526360602388637577e-01
6.534330600521974786e-01
7.431851620673300962e-01
6.595726287513200559e-01
6.238318066668191442e-01
5.175711760343563173e-01
5.029014775687540295e-01
4.560831727051656292e-01
4.093633946465715656e-01
3.635702228162523419e-01
3.209099316201443064e-01
2.772958302063077696e-01
2.485871230340580551e-01
2.191541694555671771e-01
1.887944619345846564e-01
1.657737348867789062e-01
1.421201345604248545e-01
1.219824018760136408e-01
1.055972520826830990e-01
9.124281631089328770e-02
7.853152524323309125e-02
