9.994805138862600247e-01
9.993304072167060736e-01
9.991297974857833442e-01
9.988593735963935405e-01
9.984918129238694595e-01
9.979882632598103820e-01
9.972933578299251201e-01
9.963279663135109487e-01
9.949787792685936827e-01
9.930833845617309530e-01
9.904089258487321912e-01
9.866218153617866138e-01
9.812452025086410012e-01
9.736001732153407584e-01
9.627265450420621207e-01
9.472805378996344006e-01
9.254122453568139894e-01
8.946399857639374398e-01
8.517710451708280228e-01
7.929825383446247322e-01
7.142894458790086665e-01
6.127890649008107538e-01
4.891946910408875859e-01
3.519115856141062371e-01
3.070603406502828703e-01
2.800611984906641316e-01
2.061211646483925575e-01
1.914384283155977085e-01
1.513377560012673650e-01
1.214206019689988147e-01
1.030472893092621023e-01
8.970448236885435189e-02
7.249678153771364764e-02
6.081768939810514724e-02
5.120667285418459280e-02
4.240085984459211060e-02
3.514772867710831000e-02
2.926108153932115152e-02
2.438706878087595550e-02
2.012515242710185420e-02
1.670156998707206936e-02
1.385745853515477251e-02
1.153350508858124943e-02
9.530028103825060812e-03
7.938531700962953019e-03
6.579223523671118984e-03
5.456232447251964726e-03
4.524869115663046788e-03
3.749452669079546014e-03
3.104342458014018591e-03
