9.897152328428693302e-01
9.897152321459301572e-01
9.897152331047996965e-01
9.897152328509927210e-01
9.897152330414705768e-01
9.897152335001162538e-01
9.897152326306800640e-01
9.897152327207521250e-01
9.897152332394746344e-01
9.897152332518971418e-01
9.897152336198568046e-01
9.897152337083402474e-01
9.897152336998137345e-01
9.897152337828446500e-01
9.897152344167192695e-01
9.897152340232994172e-01
9.897152342045554274e-01
9.897152350107447649e-01
9.897152354079973291e-01
9.897152366788184441e-01
9.897152354686835629e-01
9.897152363379592144e-01
9.897152371184368969e-01
9.897152375739010077e-01
9.897152360834139406e-01
9.897152320178131957e-01
9.897152271052265249e-01
9.897152170410082883e-01
9.897151974048853385e-01
9.897151631438247943e-01
9.897151064072331472e-01
9.897150118074166114e-01
9.897148552283754341e-01
9.897145977698961206e-01
9.897141787112567757e-01
9.897134974122693274e-01
9.897123958045423997e-01
9.897106150237273692e-01
9.897077488640316778e-01
9.897031344140089226e-01
9.896957192923125923e-01
9.896838144573698592e-01
9.896647139005116944e-01
9.896340885031935652e-01
9.895850004519510801e-01
9.895063487098185728e-01
9.893803761180165468e-01
9.891786959028567860e-01
9.888559077495675531e-01
9.883394508499783182e-01
