3.699141860951442816e-05 3.699141860951442816e-05 3.699141860951442816e-05
2.620398528858354203e-10 2.620398528858354203e-10 1.976598071701634766e-10
7.083801128363244692e-06 7.083801128363244692e-06 5.343396241617079357e-06
1.951296245473829483e-05 1.951296245473829483e-05 1.951296245473829483e-05
2.878615592354571198e-10 1.976598071701634766e-10 9.319395762340775114e-11
1.475232476376523955e-05 1.012966676016773232e-05 4.776002508054723288e-06
1.029308196528839892e-05 1.029308196528839892e-05 1.029308196528839892e-05
7.722449945836269629e-11 2.071698399895303605e-11 5.557736586486869907e-12
7.502563344855183922e-06 2.012709513906272640e-06 5.399487350075861111e-07
5.429597714334665722e-06 5.429597714334665722e-06 5.429597714334665722e-06
4.393970560760786148e-11 1.885863278772647743e-11 1.073030940526156562e-11
8.092626363754862475e-06 3.473302034502087487e-06 1.976262325463359268e-06
2.864111200020183314e-06 2.864111200020183314e-06 2.864111200020183314e-06
7.722449945836269629e-11 3.641031949310676833e-11 1.885863278772647743e-11
2.696281466230029652e-05 1.271260679154153931e-05 6.584462498381201602e-06
1.510817817022424503e-06 1.510817817022424503e-06 1.510817817022424503e-06
1.023773966339583774e-10 4.826957437677880907e-11 1.885863278772647743e-11
6.776289998732443112e-05 3.194930178405644601e-05 1.248240031011400617e-05
7.969559548582885839e-07 7.969559548582885839e-07 7.969559548582885839e-07
1.023773966339583774e-10 5.302611335911992842e-11 2.275845926074791143e-11
1.284605454164185179e-04 6.653581422645723912e-05 2.855673406040955652e-05
4.203940321777791752e-07 4.203940321777791752e-07 4.203940321777791752e-07
9.319395762340775114e-11 5.825136712468927006e-11 2.500110382617930828e-11
2.216823991069341159e-04 1.385637346537201226e-04 5.947064399716945964e-05
2.217577285335890260e-07 2.217577285335890260e-07 2.217577285335890260e-07
1.357228782971653764e-10 6.399152336349260085e-11 3.017114810529289413e-11
6.120322353347329132e-04 2.885650199731369810e-04 1.360545506341753362e-04
1.169771366868042968e-07 1.169771366868042968e-07 1.169771366868042968e-07
1.799293623291555344e-10 8.483428982440725067e-11 3.641031949310676833e-11
1.538158373724774408e-03 7.252211177945258299e-04 3.112601361631214120e-04
