2.072349021897699828e+01 5.579432094822774246e+00 -1.419121864107508069e+00
2.299998864795809084e+01 1.653368377361440489e+00 1.000610591342008693e+00
2.147853231190227064e+01 2.916719609308676908e+00 1.046339187246126734e+00
3.056930081370861529e+01 4.121180077922247387e-01 -1.093518815124449262e+00
3.437037319003620439e+01 1.985928718960873751e-01 -7.207098173243735584e-01
2.834297638642961559e+01 1.949610994557741561e+00 -3.778871277686728369e-01
2.323385577027563897e+01 5.589157959107130758e+00 1.234479467507588524e+00
2.475868049904623902e+01 5.032871082327774914e+00 -1.541903888325406591e-01
2.328658157250182015e+01 6.135924985395313946e+00 5.983871239661855412e-01
3.440273502987341203e+01 2.777697983166244278e+00 7.524986305818428534e-01
2.578255076442561844e+01 5.370406661702438633e+00 9.842139050137204137e-01
3.102151797636906139e+01 1.471115434525918308e+00 -3.883997573601598585e-01
2.775965110871017316e+01 1.726326425123973607e+00 4.162095654634938580e-01
3.489228947624075516e+01 5.737895677224226887e+00 -1.432513819591522353e+00
2.726783244170482590e+01 5.115075849260926510e+00 -6.776103498919753276e-01
3.232404898624161405e+01 1.854225231103484139e+00 5.014723882148195422e-01
2.804039611676898502e+01 2.671222345935273079e+00 1.489263172366786403e+00
2.810778974759477222e+01 4.976282623475759337e+00 9.283893743181117486e-01
3.247751742688145526e+01 4.269492863866164889e+00 1.339814120456802815e+00
2.019676211667652410e+01 3.530178403508295482e+00 8.064433336618384018e-01
