3.082414384109996774e+01 3.029697731959843043e+00 1.246348092421448062e+00 2.881278517746416856e+00 1.593310973621622662e+00 5.583559088085165989e+00
3.215585794248871565e+01 2.595666733840893414e+00 -7.224734681626192589e-01 2.687413275677933200e+00 1.394292772374936984e+00 2.188986594615124126e+00
3.392622330854725021e+01 1.162379083141175995e+00 -1.734692372125112847e-02 4.369086214443551164e+00 2.010126406000021682e+00 6.735962957181587663e-02
2.802232197531476743e+01 2.458148430053935130e+00 6.607756825271318135e-01 1.110427785623393504e+00 5.576243756947972585e+00 1.629433833497656803e+00
3.374837714388398524e+01 4.962047332864954363e+00 2.558851661710253023e-01 3.841264342580762658e+00 3.619803643578956565e-01 3.852709600116711819e+00
2.910249600299670192e+01 2.967414831698782507e+00 -1.567011959874499150e+00 5.958727555992714642e+00 3.118963225595586142e+00 4.251355446055874232e+00
2.830300926425782038e+01 3.129035321559396010e+00 -1.517661540174943369e+00 3.334132915752879178e+00 3.351842108582641644e-01 5.576988418413972859e+00
3.382193110243853340e+01 1.164680999042432719e+00 5.204598041644192818e-03 1.134411330811516239e+00 3.418871747250325388e+00 1.731980185448661391e+00
2.059246744754583247e+01 5.477672087436462611e+00 -6.358965055447622916e-01 4.922067704630481266e+00 2.637018164829969091e+00 3.090505093271081805e+00
3.264082977357757187e+01 1.978655499876476487e+00 8.977045071512508301e-01 1.973099212705662353e+00 5.990827294758535260e+00 6.625892703191117450e-01
2.589557903583400389e+01 2.944525224082690684e+00 -2.216222084039398688e-02 1.967536095090776982e+00 2.961272141180689488e+00 5.314857549143587434e+00
2.597888573473284879e+01 5.964951947124203180e+00 -1.911052653874627527e-01 2.467816831634276564e+00 4.522581553959406975e+00 3.042635671386276552e+00
2.411700103636619730e+01 5.634158307149630396e+00 -1.091236378949789421e+00 2.648227751903396321e+00 2.651810937805294088e+00 5.418012895192847900e+00
2.512062402463570621e+01 4.326880258039685678e+00 -1.121451094544521965e+00 2.902156556520613773e+00 2.729947495621514619e+00 3.710468727581825110e+00
3.180138629268221706e+01 4.006994896611231205e+00 3.902173014842393872e-01 1.912132383863801133e+00 2.590454813102345266e+00 3.949554916423481554e+00
3.173802110837009138e+01 1.361652427766958107e-01 1.032174456014374631e+00 5.291370405665301924e+00 2.972935512369399014e+00 4.963880241090145695e+00
3.498697878195624611e+01 5.885348650521555314e+00 -7.944345969860122647e-01 4.229581549857463152e+00 1.554661990774698577e+00 7.136402683617499854e-01
3.149427220784740200e+01 5.290118776517382493e+00 -1.145302769444842550e-01 3.805065832440247320e+00 4.266406194987487410e+00 4.521728961847758299e+00
2.264199310249536978e+01 3.997462167434084890e+00 -1.298071764789141991e+00 4.206160803370839751e+00 4.897014653855949362e+00 3.699405453383441067e+00
3.110773909821812211e+01 1.745362437075833814e-02 5.574356778441327265e-01 2.225036576821102674e+00 6.505819159087099512e-01 4.147281685603175561e+00
